27.5921819856
28.1459497141
28.5048815571
28.4509135466
28.2969504535
28.1847561807
28.0979952605
28.0511162398
28.0737128277
28.0799541064
28.0691004673
28.0945660855
28.1015956513
28.1003109589
28.1006794793
28.09871089
28.09871089
28.09871089
28.09871089
28.09871089
28.09871089
28.09871089
28.09871089
28.09871089
28.09871089
28.09871089
28.09871089
28.09871089
28.09871089
28.09871089
28.09871089
28.09871089
28.09871089
28.09871089
28.09871089
28.09871089
28.09871089
28.09871089
28.09871089
28.09871089
28.09871089
28.09871089
28.09871089
28.09871089
28.09871089
28.09871089
28.09871089
28.09871089
28.09871089
28.09871089