27.5686442986
27.6218686185
27.6356423418
27.8774186293
27.9435316537
27.9423322123
28.0069740651
28.1294049148
28.4691892725
29.0822947814
29.2679769844
28.8361606338
28.222419912
27.5979260762
27.3541116513
27.4990816004
27.6061359766
27.5083133639
27.4456464337
27.4626518065
27.4913945611
27.5159924709
27.4984158599
27.4969231844
27.4901032739
27.490202766
27.4877944396
27.4866904744
27.4858032772
27.4848562957
27.4852920643
27.485628487
27.4860340567
27.4863808203
27.4862419973
27.4862745603
27.4862745603
27.4862745603
27.4862745603
27.4862745603
27.4862745603
27.4862745603
27.4862745603
27.4862745603
27.4862745603
27.4862745603
27.4862745603
27.4862745603
27.4862745603
27.4862745603