27.8707162277
27.5621120275
27.3570369387
27.0804205318
26.9202198912
27.0291708176
27.1512028851
27.1443077393
27.1298886243
27.1918020594
27.2605857142
27.2785002161
27.287231228
27.3022243033
27.3005501307
27.3049027883
27.3019998019
27.3019324537
27.3015962761
27.3014878725
27.3017430084
27.3016679991
27.3016378862
27.3015908011
27.3017035873
27.3017035873
27.3017035873
27.3017035873
27.3017035873
27.3017035873
27.3017035873
27.3017035873
27.3017035873
27.3017035873
27.3017035873
27.3017035873
27.3017035873
27.3017035873
27.3017035873
27.3017035873
27.3017035873
27.3017035873
27.3017035873
27.3017035873
27.3017035873
27.3017035873
27.3017035873
27.3017035873
27.3017035873
27.3017035873