27.9870862392
27.9671193151
28.0124738921
28.194633268
28.0126389816
27.5895965207
27.5096583242
27.4933013127
27.482473192
27.4828305171
27.4939468116
27.5332928366
27.5405685196
27.5369262646
27.5661629961
27.5620724961
27.5625742228
27.5540318534
27.5537411498
27.5491441221
27.548809698
27.5497162382
27.5485865698
27.5486080128
27.5482863789
27.5478813281
27.5485645474
27.5486897289
27.5486723424
27.5486723424
27.5486723424
27.5486723424
27.5486723424
27.5486723424
27.5486723424
27.5486723424
27.5486723424
27.5486723424
27.5486723424
27.5486723424
27.5486723424
27.5486723424
27.5486723424
27.5486723424
27.5486723424
27.5486723424
27.5486723424
27.5486723424
27.5486723424
27.5486723424