27.9210418173
27.7466910577
27.761304033
27.6346095102
27.3541349261
27.3798687639
27.4466686846
27.5547978722
27.4138276398
27.3536810903
27.3604697477
27.3656296106
27.4408955032
27.5002523367
27.5081543162
27.4833402986
27.4807126821
27.4972238548
27.4958833117
27.4922337032
27.4993749712
27.5085981713
27.5066944508
27.511975941
27.5064665885
27.5064619969
27.5065635864
27.5077041914
27.506894773
27.5060436112
27.5074269055
27.5072506688
27.508597597
27.5086929198
27.5085166317
27.5085246708
27.5085246708
27.5085246708
27.5085246708
27.5085246708
27.5085246708
27.5085246708
27.5085246708
27.5085246708
27.5085246708
27.5085246708
27.5085246708
27.5085246708
27.5085246708
27.5085246708