27.4780564335
27.394193348
28.4059677224
29.6411664554
30.0935540057
29.3567890537
28.0418305895
27.4540007323
27.7749783598
27.2126238124
26.7460058231
26.7822797066
26.8214877507
26.8646701551
26.9083282511
26.9504795315
26.9650452603
26.9829143597
26.9830807283
26.9849789015
26.9844678907
26.984294344
26.9837910467
26.9839823844
26.9838424424
26.9837783251
26.9837783251
26.9837783251
26.9837783251
26.9837783251
26.9837783251
26.9837783251
26.9837783251
26.9837783251
26.9837783251
26.9837783251
26.9837783251
26.9837783251
26.9837783251
26.9837783251
26.9837783251
26.9837783251
26.9837783251
26.9837783251
26.9837783251
26.9837783251
26.9837783251
26.9837783251
26.9837783251
26.9837783251