27.7272411156
27.6241142907
27.7628823659
27.7377968867
27.6535351719
27.6227348132
27.5739820611
27.5703847899
27.564289219
27.5626999791
27.5546065517
27.545078247
27.5421836269
27.5415730819
27.5411408225
27.5406100364
27.5408640474
27.5408640474
27.5408640474
27.5408640474
27.5408640474
27.5408640474
27.5408640474
27.5408640474
27.5408640474
27.5408640474
27.5408640474
27.5408640474
27.5408640474
27.5408640474
27.5408640474
27.5408640474
27.5408640474
27.5408640474
27.5408640474
27.5408640474
27.5408640474
27.5408640474
27.5408640474
27.5408640474
27.5408640474
27.5408640474
27.5408640474
27.5408640474
27.5408640474
27.5408640474
27.5408640474
27.5408640474
27.5408640474
27.5408640474