27.691072271
27.652640376
27.7936530763
27.5533686599
27.3416879917
27.2728781852
27.2401286625
27.3575610044
27.4258551323
27.4940772965
27.5523163454
27.5733127322
27.5900072364
27.5818621961
27.5770031446
27.5850747808
27.5934237665
27.5967843854
27.5986353884
27.5992521739
27.5988663796
27.5988593441
27.598964877
27.598964877
27.598964877
27.598964877
27.598964877
27.598964877
27.598964877
27.598964877
27.598964877
27.598964877
27.598964877
27.598964877
27.598964877
27.598964877
27.598964877
27.598964877
27.598964877
27.598964877
27.598964877
27.598964877
27.598964877
27.598964877
27.598964877
27.598964877
27.598964877
27.598964877
27.598964877
27.598964877