27.4484698916
27.3804792341
27.6118380585
27.801474746
29.0598946423
28.2252485695
28.2592196328
27.5574828254
27.028827025
26.8210270559
26.8091644447
26.8123402424
26.7798366356
26.7905856844
26.7831852935
26.7910322784
26.794862112
26.792423394
26.7897372823
26.7899669086
26.7903432669
26.7903432669
26.7903432669
26.7903432669
26.7903432669
26.7903432669
26.7903432669
26.7903432669
26.7903432669
26.7903432669
26.7903432669
26.7903432669
26.7903432669
26.7903432669
26.7903432669
26.7903432669
26.7903432669
26.7903432669
26.7903432669
26.7903432669
26.7903432669
26.7903432669
26.7903432669
26.7903432669
26.7903432669
26.7903432669
26.7903432669
26.7903432669
26.7903432669
26.7903432669