27.4261317658
27.5394903853
28.4006644691
28.2846625531
27.8554362498
27.3725371575
27.2652155427
27.2230805784
27.2895898011
27.3124942261
27.3217867343
27.3059828659
27.3337635353
27.3065791881
27.2681874842
27.2698655306
27.2708309184
27.2733889288
27.274381216
27.2739198613
27.2739198613
27.2739198613
27.2739198613
27.2739198613
27.2739198613
27.2739198613
27.2739198613
27.2739198613
27.2739198613
27.2739198613
27.2739198613
27.2739198613
27.2739198613
27.2739198613
27.2739198613
27.2739198613
27.2739198613
27.2739198613
27.2739198613
27.2739198613
27.2739198613
27.2739198613
27.2739198613
27.2739198613
27.2739198613
27.2739198613
27.2739198613
27.2739198613
27.2739198613
27.2739198613